0 -1.339994e+00 1.369201e-01 1.161150e-01
1 4.040627e-01 1.844907e+00 1.235111e+00
2 -4.752025e-02 1.813657e+00 1.376912e+00
3 1.325874e-01 2.921388e-01 3.806915e-01
4 1.202679e+01 2.720642e-02 4.648304e-02
5 2.582290e+00 6.557574e-01 1.055910e+00
6 2.594429e+00 7.533236e-01 9.861203e-01
7 -4.086488e-01 2.090241e-01 1.850862e-01
8 1.999465e+00 8.552015e-02 3.339422e-02
9 -1.709582e+00 1.488668e+00 8.024961e-01
10 -1.392562e+00 1.260014e+00 8.697929e-01
11 1.923452e-01 1.475589e-01 2.016356e-01
12 5.016581e-01 2.979386e-02 5.939889e-02
13 -2.670125e-01 2.282089e-01 2.678623e-01
14 -1.972858e-01 1.630387e-01 1.167908e-01
15 3.396382e-01 8.182648e-02 1.295170e-02
16 -7.875568e-01 9.501749e-02 3.061478e-01
17 -1.947274e+00 4.317967e-01 1.486995e+00
18 -6.578427e-01 2.703745e-01 5.417330e-01
#chi2: 1.027201e+02 8.579012e+01 4.255150e+00
